196
345
281
135
727
53
264
997
639
416
192
254
121
903
80
366
256
476
828
319
865
3
966
515
601
348
88
652
985
996
247
18
77
606
475
433
689
624
522
288
56
238
888
495
714
293
373
542
320
16
586
883
240
489
734
179
412
303
599
912
131
980
63
685
657
691
154
168
751
514
557
671
508
904
777
527
354
95
113
97
862
162
151
359
496
269
641
730
473
513
265
603
874
895
94
576
675
695
540
187
501
144
653
466
117
922
110
116
581
914
891
987
468
159
462
585
910
845
837
45
355
29
786
142
342
102
189
284
563
525
252
75
921
555
793
506
754
400
802
632
368
573
516
17
841
799
76
439
274
947
440
589
622
223
20
349
271
325
453
890
13
231
854
270
969
772
10
364
523
545
101
661
177
723
109
106
937
458
242
943
596
594
32
628
893
470
297
250
681
604
429
788
505
759
637
124
794
562
300
484
693
437
971
464
539
261
358
807
457
105
398
374
299
744
739
638
219
577
706
968
211
769
478
327
305
163
578
584
425
84
999
309
815
764
704
279
740
371
750
884
790
203
911
125
49
273
108
509
148
825
390
346
945
782
391
328
471
311
899
580
520
873
804
173
114
905
901
485
955
783
67
48
760
278
399
700
953
613
167
533
774
454
430
6
263
767
329
779
680
52
401
587
78
538
245
82
188
846
948
549
986
295
719
104
991
673
990
224
301
612
920
535
15
529
204
323
157
19
755
956
443
919
857
808
403
421
432
534
827
792
146
646
149
558
962
665
202
236
668
531
748
441
381
949
160
249
812
766
42
396
487
153
361
866
405
687
591
897
944
89
450
382
40
380
821
259
735
145
597
68
217
765
402
64
960
934
502
280
244
556
758
5
887
753
729
752
861
635
902
277
773
595
190
715
621
230
600
614
31
331
423
917
645
709
684
479
746
141
376
829
407
886
979
21
499
988
384
625
191
235
843
512
317
932
935
722
847
537
872
294
776
34
81
260
662
757
660
198
404
654
61
712
216
711
510
298
417
272
213
347
784
848
906
200
664
762
941
851
554
939
11
860
449
243
4
892
498
798
360
411
546
822
838
694
316
310
304
229
333
853
500
232
70
459
830
386
438
239
582
743
74
175
79
344
718
965
775
27
377
674
418
73
287
38
820
982
817
413
351
611
816
824
394
683
880
474
446
155
69
100
92
352
286
560
835
738
283
849
747
876
789
989
643
647
736
630
666
409
241
285
123
24
290
809
839
267
913
8
916
552
642
806
30
385
994
313
636
255
785
233
253
801
282
35
679
291
720
435
741
610
717
129
925
47
321
938
375
180
532
992
138
414
618
22
268
195
383
770
676
431
796
218
156
868
422
447
795
924
640
701
840
787
161
593
134
708
507
28
201
583
605
455
415
503
140
2
379
678
472
57
602
550
212
528
571
543
842
72
803
194
33
983
115
266
258
486
818
731
341
907
889
408
452
23
957
619
692
855
44
51
878
36
881
518
869
707
959
103
91
170
71
915
530
995
26
609
697
491
721
228
575
43
169
981
85
598
181
184
570
561
669
460
225
262
658
193
370
461
698
392
174
930
312
172
337
120
633
940
541
761
896
389
877
813
970
909
615
257
481
222
178
322
749
686
521
737
607
659
756
492
199
616
205
90
428
9
826
885
221
226
326
569
574
185
99
488
617
833
856
579
60
209
357
378
977
164
410
942
590
292
353
864
805
976
724
132
511
186
951
559
248
126
493
367
908
967
387
551
227
504
998
136
388
214
836
725
670
147
150
480
338
246
66
811
427
324
964
276
182
763
133
210
927
128
406
894
448
879
96
629
350
958
12
372
442
713
716
14
477
46
696
251
702
547
623
831
526
65
93
929
875
705
548
50
183
463
834
867
419
745
781
143
871
667
631
928
768
237
973
275
483
158
859
568
608
517
771
931
703
456
978
710
649
688
490
482
732
961
25
426
544
197
306
369
289
648
152
655
984
634
690
86
343
975
844
519
564
127
682
592
863
898
318
362
469
699
445
335
314
553
993
41
627
819
950
791
728
742
650
397
356
663
206
420
339
936
307
800
565
55
58
870
850
952
395
810
340
451
497
677
122
651
393
112
436
823
882
444
672
626
315
363
926
656
918
465
302
424
467
974
119
588
7
137
365
62
566
220
778
98
1
207
336
572
54
308
434
852
59
797
37
39
780
536
234
923
166
208
176
330
832
494
334
296
963
215
733
946
900
87
933
567
954
83
130
111
171
139
726
620
107
118
165
858
332
972
814
524
644
