5543
2598
845
3752
3802
2135
560
8210
5773
5995
5502
4021
6133
4963
1964
1517
877
138
6652
9810
2418
6592
7155
3348
948
7915
9963
2476
9353
3221
3254
735
9569
5546
174
9556
2047
3931
234
7637
9413
7621
2427
8905
2409
2692
9947
9315
3633
2781
4232
1805
50
4366
7263
3304
6831
5796
2850
4645
8292
7889
4857
443
7326
3466
384
1297
2150
6959
7797
7966
3409
4441
1327
9186
2547
3897
1005
106
2811
9984
9970
8308
5836
1310
5471
2285
8144
1609
8655
1411
2655
5417
306
4977
4841
4635
5926
778
3222
4093
144
6407
4558
8256
1539
4368
7217
1531
946
4711
5860
4905
3480
566
4877
4324
6809
7724
7559
1849
531
4608
381
3482
4555
497
2614
4806
3478
3630
1552
7180
4077
1508
3186
8490
4868
9055
3848
6207
1885
2292
5015
3347
9461
6197
533
63
9204
7677
4311
9263
4746
9215
7289
2990
216
7406
2226
9092
7112
8622
6770
2049
4458
6868
3646
1571
6014
6367
7109
6047
1645
8579
8933
258
6715
7151
5722
231
2222
4996
1830
7064
1956
6687
7506
4903
6741
9280
226
5585
7795
2893
8218
6987
9674
5244
4241
1137
6038
5007
3041
8272
4927
7844
807
794
4611
2555
9892
9100
7523
5971
2305
1214
1306
7721
4262
6124
5189
6299
4174
9423
6065
3723
7814
752
1556
9503
8843
5145
200
6929
5528
7316
8714
5511
1034
4771
7723
7691
9701
856
1822
2556
5888
7295
5765
9444
2522
5426
9158
6148
722
1130
3703
8283
2774
5086
6643
8838
8171
789
9086
2525
7544
7420
6059
7955
7484
7207
3669
1615
3814
8030
3327
1486
8919
5040
486
3285
244
1396
2925
8772
8940
2090
9846
3757
972
652
8818
3862
3485
2805
5661
1435
1180
298
2081
4315
8604
6209
1142
7515
4129
1369
9710
8966
7566
2716
6683
7715
3089
2935
2804
6226
4772
9136
5581
3193
8880
8485
8443
8976
8293
928
4345
2299
751
7039
6848
9152
1430
4873
9687
9015
6967
3965
8914
8268
8380
5935
1392
123
3719
1249
4253
4836
9616
1368
8281
8084
456
8746
1479
5813
4149
6787
9072
6896
6017
6665
8775
5555
4363
6252
8798
1420
4958
5895
1955
73
9905
2393
1111
2514
1757
603
5930
2372
2526
3622
6765
1871
6044
4182
7409
7468
9056
8489
4916
2407
1820
1658
1460
4487
9894
2444
6998
10
8135
1826
5126
7018
8118
8872
3176
1736
8457
5209
1216
7037
8287
8991
6339
5184
6399
3662
1973
6685
4709
3430
119
5179
1304
4765
7628
1889
3572
7359
876
4805
3891
6627
243
2247
7901
7744
6275
691
4040
2287
4758
9016
417
5660
8964
4317
3700
6376
2949
2196
8056
5011
555
9519
898
4086
1657
1127
209
8294
5149
4862
9294
9290
2033
2142
7532
254
8681
5357
9726
3618
1221
9070
527
9138
2668
2078
810
6728
8059
3225
7643
7430
5485
6058
668
6178
9257
1570
4414
217
3428
7804
2056
1673
8892
3029
7405
7369
3302
6528
6563
734
4720
1274
9458
8649
5809
4939
2417
3224
6246
3962
3809
4641
5506
3044
1157
1952
625
6023
1928
266
8394
3981
2013
7892
9250
988
4501
3281
9813
2115
2560
127
8932
5889
4455
2354
8493
4674
7517
177
9747
8288
2446
5937
8948
5163
8573
8739
5517
9522
7640
515
6875
4901
8031
1894
9561
2065
6460
6584
7712
7702
7076
5672
9236
5837
4171
1589
8931
5671
9814
8849
674
4949
4982
1393
8738
4582
1475
4001
5771
220
208
6403
5152
1999
700
9993
1543
7519
1212
3777
9407
6435
8198
3555
5659
9689
8563
9779
3749
4995
3957
6165
133
5730
3864
8842
5886
7486
8221
1164
9752
3119
9487
5186
9275
235
1045
9822
4074
9429
7827
1068
9578
9473
6309
7427
324
3709
8747
1691
9987
6498
1271
6191
7472
3558
5063
870
9115
967
5821
3645
3871
8636
5383
6084
7732
1466
998
6201
1124
2251
4051
1874
5586
9986
5879
9177
4006
8516
4665
6609
4973
7082
8285
7139
5365
192
7175
6519
7751
1096
4475
8952
7650
1245
5180
1021
9060
1626
931
6247
8708
2091
2221
7230
8754
4299
7456
2037
9844
4788
96
5064
8729
7415
1994
8982
8909
4928
7940
4163
2200
3552
4801
4304
8262
5014
1586
3805
6857
9206
5948
3470
2997
57
3501
872
3722
7239
2658
6931
1678
7957
5298
2257
5533
5067
1282
7598
8013
8307
2803
9181
2673
4445
4871
743
8792
9386
9452
3460
7630
2601
9437
8133
3079
2972
8840
8983
6382
7518
6458
744
979
5207
4553
1501
5159
9111
4617
3691
4824
5669
4621
9754
8436
9331
2867
551
8987
4869
3545
1938
58
5760
4400
1591
1004
4852
544
8002
2596
4794
8826
326
8082
5037
5414
3587
8435
1733
2732
3551
9179
7189
1098
3469
3331
9293
6754
2892
2392
9489
6774
3487
1984
2122
6380
6655
3311
3685
9265
6444
6467
1117
2913
3183
8279
4875
7376
9373
8939
4420
5676
1738
2727
8201
2169
4185
8561
4355
7768
4795
3910
3154
9923
9466
6949
5144
7416
7385
9144
8026
5695
1146
491
3195
1350
9050
6169
2243
6734
3066
1836
4931
9343
8618
4516
6910
1744
8780
6927
6011
2904
7959
2408
4818
2828
2073
595
4872
6680
6440
5432
2211
1166
1017
2485
6325
9240
669
959
9771
26
1265
7863
5884
9093
9591
5625
1583
9864
6168
1273
2528
7856
8735
3373
3663
6838
7274
2749
1842
9998
9493
7253
4663
2105
7871
5109
8650
7354
3973
9840
5125
897
5264
5004
5504
2574
2391
1746
3715
9662
361
803
1334
411
1211
52
5309
9211
3040
2730
1342
2590
8936
2043
7169
8300
5386
5512
3903
3439
6620
4183
9531
6566
6552
522
7623
4230
4850
4223
5115
5605
2148
2686
9126
2167
8586
8686
3584
4577
6258
1065
7657
4002
5636
6804
6278
1197
4428
5965
2172
6350
1076
7089
2055
9035
905
9227
3155
3851
5334
9036
4095
3087
3209
8067
9789
8784
550
5275
2032
2659
4075
9543
4100
448
7990
574
742
5867
3728
3000
8141
1133
2097
1507
153
3017
3901
7028
442
6903
1711
1339
2603
3538
7985
3695
9272
2709
9977
1503
2473
1138
7265
1078
2602
6374
4678
7403
7954
2752
9501
953
7772
303
9968
5687
8624
5571
6696
819
1491
6051
8662
2747
7956
1872
2230
9794
7546
6917
7801
3651
8232
70
8426
514
9568
2992
1787
7074
9860
3608
8073
7803
1014
5380
5766
5326
9738
4140
4508
4822
4287
5259
8140
7754
3252
3027
8694
6206
2610
297
7592
362
2206
4059
6659
8612
5921
848
7241
4560
7656
299
2711
9776
4142
4421
1846
211
2017
711
4211
1696
195
7429
8544
5781
1648
5329
3869
5782
9677
5907
6501
8501
1833
8504
3821
2499
2952
4012
5819
3705
4482
6676
1181
1806
8502
3170
8424
3402
3806
7655
7839
4748
375
79
87
9602
441
7798
9148
99
6262
8492
657
2337
5944
8557
2725
7575
3194
8637
1946
5148
5172
960
8495
3841
6756
9607
1646
2123
5525
5223
468
4914
6182
3008
5628
8628
3681
3325
7379
8846
2490
3844
4068
6493
964
1950
2699
4456
8445
7561
8549
4497
8241
6159
6635
2627
9937
228
4085
3638
1074
3137
2118
1569
3298
6158
363
2368
6757
2759
2358
6002
2825
7353
879
9433
6866
9685
3248
7291
7145
1910
3921
4922
1172
2253
5810
9510
4154
1869
7666
6817
8992
2493
4650
3839
907
4790
8406
7041
6920
8667
1608
8822
4227
6837
7084
2397
3486
5520
9563
7467
9191
8433
8085
6175
7136
7729
1044
2398
1029
4018
6205
1019
3184
3295
7890
6462
7260
4636
4270
4527
2696
2509
2940
5714
4561
8661
3815
4929
1562
35
1219
9340
1110
8500
4479
8472
7267
4382
2076
1035
1853
9884
3963
4121
6731
1559
9124
6748
4201
4438
2479
6678
4566
8041
9141
9781
105
1199
4716
5457
4048
7292
2175
7782
3698
7742
4682
8318
3597
7080
7912
7261
4828
6097
9171
9455
9428
9891
5098
5725
8421
7496
1838
6146
8088
4797
6497
4743
5524
4606
6751
1459
8675
8453
7358
5221
6151
386
3370
3121
2707
3275
4781
4867
8572
4812
2445
5101
6999
81
1152
3219
318
3168
843
9443
7135
7668
8245
9282
2384
2042
5989
4126
9736
2518
4715
3611
287
5337
5481
4570
6608
7113
7695
2241
3379
4145
5875
5107
6077
8610
8425
5963
6251
6614
3067
6883
3341
4992
3830
1248
824
1147
14
2531
3763
6238
2282
9216
2177
8690
6823
7469
3503
3383
7463
2834
6397
5054
6094
2145
5780
7924
3014
4480
4433
8680
7196
6773
3935
5563
8439
7622
8124
8181
732
9916
8841
3236
9337
5697
462
961
8823
8890
4267
3277
6003
7977
4959
9013
7370
3374
2538
4847
8001
8037
2158
4248
4199
8454
3883
1752
951
4387
4726
8930
9592
2100
950
4974
7269
3671
9118
2239
1916
4837
8957
5794
528
9683
5422
554
7791
139
5410
5270
3441
9019
8161
5992
1057
6448
7569
3549
9187
9713
8191
7554
7286
8532
5946
6080
135
1859
6599
1038
1796
2133
6045
1222
6456
8408
3532
5360
3761
2015
2718
1659
194
3166
7562
7843
3320
9018
1751
6078
3023
8068
3363
5203
2216
1665
3019
5073
3527
8273
864
333
2748
4310
5637
188
1196
9745
7251
7314
8616
9583
1055
4578
8096
5924
1897
1121
9288
4700
6155
8311
4648
8813
7283
3881
8692
5406
8017
4447
2982
697
2186
6353
498
3098
8529
2666
4259
3011
8941
3564
7950
6379
4520
6749
5529
9445
4858
237
5473
9590
3391
6153
1100
3371
7138
1456
6227
8522
1739
5619
3753
4280
9415
9893
90
7557
5467
387
1374
7457
7716
8379
6360
8359
4844
7417
2095
1718
7052
3442
9418
9653
3676
8924
9113
8704
6495
2693
9467
7893
524
8589
3566
1056
2054
3629
939
6365
75
6488
9865
8538
3433
6480
7707
597
6858
2379
8351
3247
6101
9838
3028
5133
944
4245
7352
6123
9028
315
8152
9269
6261
6420
3998
4432
549
9644
3734
1313
7931
196
8153
7205
8882
3381
1774
3876
5823
4565
9224
812
7392
7077
2772
8371
9430
3378
5121
6701
8053
7141
1237
1854
890
7978
2900
8276
1926
6854
6071
8314
5852
1535
3150
3594
9944
7965
1325
3188
5668
5218
6640
5173
7739
9098
6322
965
1825
3321
6562
7943
7303
4434
9303
3870
1708
3462
8243
1880
5130
1686
6253
1082
2864
4300
8937
7441
6881
8683
2860
5595
3609
9615
2124
2
6120
8072
1726
6845
813
2777
1241
2291
3955
9555
2841
4562
6018
7917
5776
1653
7454
3229
2371
7550
465
7757
2535
3875
9405
8507
7494
5494
4148
3518
7745
6859
7946
1803
8090
9828
8265
8147
4631
7140
4999
4084
2461
1794
4817
7535
3872
5960
4007
6581
348
1227
2324
1807
5896
3024
952
984
9967
5263
5805
6221
5385
9943
8386
6281
4793
4855
6464
9486
3885
8560
8717
6531
8033
5818
3857
9219
5682
7887
6054
6019
7301
3329
8367
1470
5458
2739
2089
3928
4115
582
3640
9938
5611
2339
9162
2721
8565
9520
5300
1091
6847
6568
9048
5287
5103
5301
214
5376
9952
6877
884
9319
4620
3721
3491
4646
8588
4496
6352
6981
4669
3865
1661
2163
987
1526
2783
4353
2283
982
7302
4249
7932
6625
2640
8819
5953
6020
5664
9927
6812
4960
9729
5761
2219
280
5842
1908
233
6060
8119
7065
4296
9302
8975
5255
9229
184
6622
4500
1519
8709
9087
8713
2866
2259
2069
1247
4517
6308
6331
7087
1959
2109
1525
7974
433
5249
3528
4912
6974
5044
5684
2428
7906
3354
4601
2475
3746
934
8264
2901
9896
9692
3317
8403
5980
9816
782
3543
1632
3071
9182
1756
4787
1940
8591
7673
4604
9207
4933
7709
9857
3914
8478
7983
3915
3353
327
6171
1002
3666
7210
323
62
3427
4900
5917
1966
8727
4175
1573
2931
9478
8820
9298
9193
8899
3505
762
1523
1356
647
9084
9389
5736
1687
1631
5092
8185
4473
4891
9346
1366
9765
9529
3173
5789
6170
9992
3474
4695
3990
6516
9658
4897
949
6669
3727
1195
4272
3448
7968
331
8024
7821
7242
3009
3286
5451
5290
2319
9245
5492
2754
4350
5105
2989
9173
7615
111
3537
2162
2726
2161
6878
6538
7852
862
4944
2674
4585
2665
8961
3312
3490
7664
7246
9609
9375
376
2154
9584
3737
162
8196
3969
1630
4727
525
5455
4123
3626
9285
2557
2448
8466
9470
8609
1991
8117
5643
541
8956
2889
9142
302
7609
7497
4088
1714
8247
2316
3889
7857
9611
8767
5816
764
1521
9081
2909
5254
2153
9483
283
8203
5183
716
4589
5574
8875
8078
3776
5460
8275
4410
4472
6664
4449
2273
8474
4547
6486
5688
95
5799
4252
7582
3665
8464
2021
727
3218
3464
7434
945
5195
8512
883
3031
5838
8040
6135
4735
4485
2238
9552
6302
9261
4941
2264
9392
6673
3607
943
8357
1176
1347
1028
3110
3333
6107
3536
5814
3361
1119
1266
1663
5052
7595
9045
5436
5603
9730
4046
9031
7783
7237
6615
5612
5475
8029
1049
985
6719
382
3057
6852
7024
3415
453
4503
7928
8417
6894
9251
4690
8513
4102
7188
4616
5840
1811
7879
7504
8711
4688
9225
7809
1557
5508
9212
5631
8768
7642
5228
397
6617
8934
3803
6033
738
4676
8209
9954
3635
853
3790
7243
3818
2766
6136
9850
8626
5193
7187
5567
1149
8046
4091
2310
3765
594
4030
8794
9110
4904
545
8673
8330
2623
4394
8874
7035
2738
3546
518
3072
5242
4228
6186
8269
7899
857
3773
1036
2326
581
5919
8333
6834
4825
7505
3743
4462
1458
230
3922
9058
6046
4637
1048
2785
107
4783
2562
4361
5331
2419
9906
3657
6320
4747
5632
6619
4896
5056
823
5623
3542
4104
8786
760
6455
9180
256
9978
2390
3827
1675
6803
2331
3687
5344
1006
8225
8571
9306
9310
6995
4064
9094
3049
4955
8725
3912
6174
8630
3185
6015
2794
3653
1311
6181
9698
7826
5609
5638
1244
7512
2530
3452
8070
9163
4854
1930
3262
6633
6813
2025
7710
3668
5898
2245
8235
2344
9985
5704
725
159
267
6235
2703
587
604
8128
1027
7524
6035
6149
2646
6394
8233
1419
8499
737
9527
4190
5251
1234
7765
701
450
300
8642
1618
6703
1150
7867
6984
1614
94
4581
4573
4680
6346
4108
9628
8482
359
5594
4136
445
3
3941
4731
5913
3122
3817
1852
3754
7624
8469
6864
9833
7033
3768
1187
6453
9482
7937
8364
2352
726
785
9133
9195
4894
5526
3007
3164
91
7815
5558
7986
3936
6461
3548
8898
3141
1577
4405
5291
5758
2213
7411
4303
2019
4842
5217
9038
9882
2702
2991
197
3060
53
341
5211
1399
395
5091
7755
7487
9917
811
5552
9601
2795
9663
3006
8644
1439
558
8641
2293
9194
5961
4687
6595
1532
2988
9657
9900
9499
9619
1841
6104
1610
2182
9434
2848
49
9390
8354
8011
2286
9169
4587
392
2256
1901
9707
9468
1943
4158
8554
4411
8617
6121
9424
6292
6648
7781
1179
8744
3782
5220
9320
1607
731
82
3729
9258
880
7070
7756
2578
6527
7004
2323
6646
5830
221
7639
9885
2959
916
9175
3953
2224
8010
2423
3299
8136
5670
7816
8397
6610
3916
9649
1364
7824
1815
3759
8212
5210
5582
5975
2366
9485
1617
580
7455
2648
7596
4840
7536
2108
5005
4557
9333
2231
2956
9431
749
7276
1837
9596
9740
3798
2584
109
2830
5614
1007
1764
1183
206
4067
6515
3939
8055
831
602
9654
3991
2896
6479
1651
6601
7692
2412
4924
8894
158
8323
3387
805
6478
7922
7905
286
9922
5964
3692
593
7208
578
2926
7894
6948
4214
7400
983
2818
9784
8865
2649
5204
5447
7861
3731
7490
4237
1250
6674
1905
9419
4464
3948
3831
9350
5396
4668
5066
6744
5452
7331
8689
4029
4144
4098
2684
1120
8825
1620
8252
820
9856
6573
5871
9594
9869
3550
7764
2436
5848
8197
7249
5164
8836
3289
8553
9155
6743
6446
8593
1278
5570
4495
9800
3413
5049
6398
3682
3648
5534
1703
5564
8043
7525
3101
7750
3435
3300
2883
1256
4821
4461
8928
3357
6921
9742
9324
4934
8697
3735
6882
7579
2728
871
427
242
4254
9131
2315
6605
5845
5844
1892
2349
3820
5208
5205
4926
8962
1819
2338
2347
4780
7103
7792
5893
7847
2174
6536
5846
1495
5206
773
4799
7461
7099
3720
3237
9259
2856
4506
5201
6063
2155
8705
3223
6494
6105
5652
8349
5229
7115
6416
5327
3976
7651
4281
2633
7837
4531
1322
563
5168
1712
7658
3519
8533
9782
8546
1639
2951
3994
7736
2604
5310
4529
4737
3688
5746
8229
7166
4545
1321
559
4994
5956
8677
9924
5079
1483
5598
8325
3213
3377
526
8368
6075
6709
4536
6510
1398
4000
1264
6991
3520
6016
9812
2880
941
1205
3660
8639
6880
8401
1270
4671
9160
8635
5160
1463
5213
6843
414
1933
7708
2088
2171
4389
190
4943
6628
9841
6500
7489
5347
116
833
4550
7277
8097
6445
6667
6404
9256
6424
7305
3405
6396
9305
2126
3655
3131
9379
2907
6073
2449
4879
3132
3625
5542
1784
6441
7172
7845
7929
5587
1093
3954
6761
2773
2070
2489
1175
2322
9490
915
7704
9447
9150
9762
5194
926
1512
7185
176
8242
6004
8790
9416
1922
6082
9238
9358
8564
9608
6574
9232
849
3076
3615
2290
1184
2791
5048
7149
1681
1444
5756
370
2113
4728
4773
6900
1105
3828
1947
8374
3338
4710
577
9220
656
2836
8244
5061
2756
854
8356
4023
7766
2111
3204
4885
9904
5116
9788
4083
1602
9755
5461
9767
9634
380
3801
9861
240
2594
1989
1238
9383
9233
5807
1685
1043
7036
3747
4991
6706
5870
2667
5293
6030
6553
1101
3274
9492
5026
767
8935
2519
9796
207
9494
2998
828
7619
3674
2330
129
3278
5772
8172
7191
5579
3133
3710
8137
3043
9325
9128
9223
4125
4917
9465
9292
8290
2159
2802
2018
9606
3294
3228
8864
1200
6913
8253
8643
860
1314
4612
7886
4965
9328
5113
9281
6250
4328
248
666
6591
2031
5427
9289
4593
7573
7412
5047
6406
5320
1574
9651
421
7146
1506
1957
852
1118
5934
2625
378
6956
5094
796
5028
61
6953
5866
971
4629
2188
1008
7374
3621
5556
9274
6428
6777
8057
7718
2550
5694
808
3918
103
8434
3697
4705
2421
6152
9132
9777
5615
4851
5864
1701
8979
1677
2227
6855
5377
9164
3732
6925
5573
8289
6096
2592
7626
9597
2677
8052
3440
5074
5806
2815
989
6826
6545
8383
7529
2764
8112
48
5411
3104
2902
8451
3934
1547
4322
6358
6712
1428
4357
3035
5456
7634
1436
1524
5705
5857
2309
8260
4406
8305
1605
7343
4998
4236
7238
7222
5892
9980
6788
9760
415
2198
438
5071
4165
2683
8809
7122
155
8375
4404
6187
7159
3309
260
5170
3055
4020
3316
2844
606
8378
2916
1424
9299
6747
7198
2494
7926
8405
619
4238
4702
2789
5286
8633
1870
125
6402
3429
6010
4327
7849
4729
9673
5727
2845
816
2478
709
9065
1039
3895
1086
1775
3368
608
7896
5998
9624
6028
9897
8861
7601
5514
8109
5808
3887
6483
5897
4178
5646
9327
4255
93
921
512
1409
1332
3515
6523
9339
9200
2361
5828
9401
3167
9184
6533
4838
7118
6145
6459
6270
8076
5876
6228
591
3446
9913
5297
2869
8095
6821
6240
2068
2595
269
4685
1432
8520
538
6512
8182
6427
1769
1418
7333
869
7895
3118
8960
3091
9024
687
7491
5454
252
270
2044
8581
7762
4632
1951
8155
1576
7635
6976
6297
2045
7038
6048
7698
7340
8322
321
1886
2053
8902
5010
1887
4522
1338
9145
719
5750
7960
1692
3569
2843
7914
4597
6364
947
4923
5521
7790
4273
781
294
8922
2767
9960
623
2472
690
3111
5572
7869
1554
1289
5051
28
6090
654
2431
7752
8234
2876
4961
6782
4525
6279
9907
4667
5692
1993
5496
1346
2857
7351
4563
1286
2854
9914
9057
777
6425
2840
8562
9766
1745
9123
9640
2704
4521
6156
9021
3216
9600
7760
7162
1755
8774
9395
2719
5472
7393
2582
2504
2786
7916
4763
9239
6006
296
7987
6157
5233
69
8192
449
981
2544
2307
422
1373
4760
9626
7565
6401
7645
7150
7903
977
6789
9178
3123
6173
5764
2359
9930
2833
3884
1987
6604
3656
7556
889
2736
7627
2796
9686
1982
257
373
5323
1847
5656
3879
1235
7453
9549
3266
8814
3144
6437
7428
31
7775
6218
5532
9439
4293
6644
5856
4028
4538
7608
7548
301
9639
5641
7296
661
641
1170
7780
9808
7481
5785
1429
5349
6333
3987
7997
548
9929
6193
5391
2723
8908
6451
1827
408
21
2353
3148
4986
6391
6418
6705
5624
9953
9870
4191
3724
5129
9043
1220
8920
3473
4478
2950
7785
4260
5639
60
7675
1732
956
8115
6095
6970
1194
4208
7259
4256
8452
4099
4370
3340
6303
8008
8398
4908
4952
9161
7939
1931
1613
4042
8722
7213
4997
7156
8320
9712
7083
5562
4656
1224
3796
1862
6750
5701
8484
4399
3493
1481
8180
9037
1599
4219
7866
8541
9073
2404
3142
8756
5497
7711
5401
6660
2165
304
8444
1125
673
2433
7300
4807
5039
7144
2052
2134
3005
3894
282
6160
7560
2151
4775
4625
3964
9479
5702
5849
5437
4627
7586
2121
2327
4364
3380
6305
1450
1498
3467
1315
9853
8186
5751
8213
7774
6436
7882
3771
2046
6603
4968
8998
2432
8199
1384
8896
5984
713
8365
1099
4504
9764
3978
8981
1490
5035
4734
4376
3199
2670
4278
5197
7337
5474
6410
7848
4583
7336
1829
7697
8291
8148
6433
7097
7846
3241
1062
1585
6371
2675
5717
6824
6230
6844
1509
1563
5955
9153
4060
5634
7644
8258
5951
3816
1868
8670
7422
6972
1502
786
6490
4318
5097
720
6876
2212
5723
7625
4173
163
2302
1115
2790
7235
8521
4134
9406
4198
634
2491
7313
9835
5608
8986
9646
1288
5596
350
191
5225
935
676
7133
3854
5617
6570
3453
8298
2425
4367
6254
9042
3042
8023
4275
3459
6466
6779
1546
3946
2029
2853
9772
617
4213
9154
2430
9063
5811
9728
9268
36
4019
8503
7164
9910
8710
8343
6411
4886
7578
902
9291
7165
4216
9344
199
1335
4833
6671
8470
5108
1918
8139
4169
9551
4041
7682
1203
9106
1990
7836
8216
6767
2874
2573
5234
9727
5663
5019
3930
5178
3456
5666
4436
8558
5784
8312
1011
6383
9581
1192
1758
3860
1032
8947
2498
6816
1320
1962
4978
4966
8752
1280
936
2060
3270
8519
2513
4271
2760
9140
489
148
5034
405
4132
799
4518
8666
4117
2079
4890
5060
181
4489
4153
9167
8582
3423
642
1112
9975
1706
6808
7003
6612
9451
7408
7631
3445
2983
3093
3004
8795
3540
3103
9002
9562
3003
2375
863
9188
6918
7509
765
4753
2085
8377
7437
7126
9078
1492
4026
4080
2554
834
6013
9201
6463
4044
8476
7000
6422
3313
5929
7284
1474
1406
517
4594
564
4556
3696
463
8508
7346
146
6131
66
1198
7538
3525
3097
8461
6372
5045
51
383
7771
7220
1670
8388
8938
4918
8678
128
7171
9785
2551
7158
6526
2996
7594
5395
8804
5162
4110
8730
8540
5341
8788
173
1352
4670
8481
708
9709
2823
8762
9837
9805
9091
9254
7806
9661
6550
9804
374
9859
6836
2572
2917
7051
886
2540
5202
19
3468
976
7734
5700
502
8631
5388
6194
3420
1268
9694
9114
5158
6542
1285
937
5841
2872
5793
8945
236
1622
9641
9849
6111
8567
6384
5597
4147
5374
7067
2420
809
4815
5111
675
3600
7590
7021
180
8877
8834
1494
1059
1780
4580
6954
9300
291
2884
7597
9402
6106
1810
9297
2164
7233
5872
5952
1417
5191
2698
5931
6034
4534
1725
4430
5143
5315
8545
1283
7478
632
5877
29
9364
2970
6990
2204
4810
1329
2203
3797
5882
67
4972
5029
7006
846
6725
8310
9982
5753
516
1900
6472
1135
419
2873
9500
7425
4985
6681
8542
505
3034
5873
507
6359
2630
7404
7865
7320
6144
9230
7256
7232
8657
4460
6930
9957
2735
7607
6775
7473
4010
8400
9079
2451
8266
8102
3146
5363
3634
3457
8974
3822
5065
168
5565
9321
8570
2613
3406
6793
7770
8222
2386
309
1536
1832
2469
5261
5266
2020
1263
5527
7952
4274
5716
3672
3718
8672
268
1998
5030
2652
909
4346
6447
2405
5510
2334
6400
8382
1094
2441
2209
5076
3337
8164
7558
5267
6475
5155
3642
7209
5246
607
1954
6980
9621
780
9577
5693
6185
696
9426
3260
5237
9708
8648
795
6283
3310
222
5002
4072
3063
77
5093
2059
8125
9604
4987
120
2071
6284
2626
6829
3234
9394
5345
3095
8608
8682
4334
2093
1715
1741
2102
5658
3590
6690
6807
3774
6212
2380
1821
5820
800
9253
9939
7183
7119
1978
6099
4823
7272
295
5667
2470
8830
8346
6975
9453
1023
1582
4540
9317
7345
8803
4365
4081
9883
3192
4634
7147
6341
6989
9612
1330
2104
4390
1041
1643
4176
2964
5463
9668
9420
2187
8524
5696
6470
2096
978
4544
2512
2173
2881
1489
4791
6465
4542
6997
5899
8048
5674
4898
8080
6551
2269
1276
8602
3244
3573
8296
3002
7181
2191
8984
3995
596
1549
7676
9246
7829
7975
1753
7177
2611
1581
4598
793
8127
3114
1949
9573
8659
8396
5788
4467
9107
3157
3471
9576
2483
6508
5119
1358
1145
3181
2758
1225
6430
5384
4552
6668
2385
8007
3489
8863
5372
8416
9003
6507
2517
7371
447
4337
2050
614
1416
9842
2629
3261
8415
1485
9872
6791
8391
9733
2621
9183
134
4571
5319
7107
9287
9724
5465
480
6355
5006
4360
65
7995
911
5790
156
9567
1134
4546
6468
2681
9498
3675
6405
1326
6993
5476
6902
9176
9228
9966
3580
9972
145
2793
8946
7874
2577
9267
9918
3419
5394
1948
8789
2411
1433
4305
1514
317
2653
6323
3388
332
7840
2099
2943
2549
7632
8065
9769
1455
1958
2298
6129
2999
8250
2234
4615
4180
2717
2819
9
4037
2855
402
8950
5536
2690
3496
4980
8249
2184
7581
1215
3509
7589
6395
2160
7047
4697
1410
5918
251
7356
4087
8595
7945
4247
3779
694
9025
1
8971
4379
5900
6139
3447
9020
5967
8748
6210
3080
8539
3012
600
4938
7328
1232
901
8321
1213
723
8004
8220
2094
2751
4024
1275
3484
9404
7720
4725
7503
9440
89
6409
4802
5322
5393
5017
6220
3207
7229
4976
1598
339
5190
8104
6375
6639
8535
319
1545
7318
882
4610
7344
8003
9185
5551
7299
360
4313
9542
4069
5390
5748
7694
4863
7278
9831
2294
8206
4579
6166
3563
1451
6005
6658
4484
9477
9534
6499
213
2487
2691
225
2229
4936
7199
830
2974
6266
4675
6050
7322
2008
9743
9495
4054
7143
4494
457
1389
1814
9926
4440
7533
2467
6304
4052
8652
9748
3917
6884
7098
1218
2965
4895
6888
7612
9159
1363
6167
5083
178
7280
6377
2281
420
4537
5610
1394
7100
4910
8603
6636
1511
4264
1876
7683
1578
9396
8237
6026
3210
7436
4956
1292
6867
6345
4502
8352
1986
2438
8087
9643
9214
1208
1798
940
6760
8766
8442
2663
1402
6891
6295
3521
1915
8660
4058
616
8428
6434
3911
288
9557
6996
8793
7458
9858
3504
8189
7010
9511
7178
6432
2733
2030
3907
5588
4876
1355
7226
1765
5224
278
7964
9832
1721
5285
9645
3401
6219
6585
2609
588
6726
9845
160
6977
1667
4549
2063
1866
8676
9819
6598
9790
9996
5642
2824
1131
5279
6730
8587
9719
5078
1640
124
4507
2244
3030
3613
4038
699
7397
337
2426
2388
5677
8634
3507
271
7157
2812
9599
7972
2914
5804
5803
1174
2181
8419
2364
8207
229
6426
1499
2195
630
2993
8208
9119
3825
5245
5104
7514
5354
9695
3925
3804
1442
44
3575
4499
4279
481
1909
7015
7255
6112
7949
7293
4162
137
2536
1528
474
3836
3966
15
1694
2240
3993
7176
8954
3959
7706
6818
678
1372
7777
1560
7746
5012
4599
8384
8878
8142
9122
7325
6361
7148
6530
2414
4820
4344
8058
3699
7252
1009
3850
1344
6192
1679
561
3924
3339
1777
9854
3603
7654
3403
6324
3287
7947
5708
8350
5020
71
5299
1623
5416
7012
4329
8989
8215
9720
8627
6511
6442
736
5499
1917
6245
2886
3054
3874
9421
7818
399
102
9318
2477
3125
7027
7740
2288
2641
7168
5311
4471
4861
1388
8831
6307
1173
4659
9538
6887
9969
9636
423
3799
8410
2642
7981
6708
6962
2261
5353
8835
7384
5720
685
2847
472
6113
5665
1229
2119
6132
4090
1763
4244
1037
4767
9587
1625
3733
3867
5757
9202
4567
7600
9408
6277
3046
5053
8488
4053
30
9241
2416
4225
265
5321
5863
3128
5690
7530
8925
8921
1026
1066
814
7270
2645
1879
8965
5117
3619
8299
3510
6127
5539
3120
9235
8261
1683
2217
4658
2443
6092
6128
1046
9961
2899
8430
6502
6517
6784
667
2755
1770
9962
8113
8066
9237
8475
4186
7953
3516
9283
6351
7838
5604
5425
4301
9756
3811
3255
6222
2715
1650
5987
9637
7881
2800
8163
584
5770
7805
3795
1515
9362
9791
5216
1983
1016
2223
5139
3701
2274
1000
8126
9999
3061
8942
6624
6225
8923
5280
6454
9044
389
3360
1252
6958
2705
4950
8187
193
3108
6172
1380
9580
5650
164
7073
5440
388
5925
8412
2708
6224
6651
2199
8447
7153
6474
9508
6007
644
7014
5177
6729
6200
4633
9448
1568
5366
3541
440
3664
4722
899
6560
5724
5161
4122
6338
1882
171
6473
6504
8219
4031
4101
9398
7324
1676
2975
4803
3153
576
2318
769
6476
279
3576
366
3602
9061
203
2382
8422
1294
3062
3649
3100
7741
2650
9655
6524
7854
2403
2280
6933
1907
5046
3868
4551
9879
7339
8324
8251
3680
9446
9009
7017
1328
2583
9361
8703
227
5887
7753
3571
3198
6870
1604
1789
7696
1500
2314
1748
8168
2680
1883
1812
2978
8955
8071
4785
357
2813
4393
9614
5185
1397
430
8074
1202
2871
1391
4468
9384
5405
2192
2778
662
4285
3425
2912
2516
3058
1305
488
4689
1786
2870
1063
5241
3127
8723
8205
2908
6739
7593
2520
5469
1003
8270
7445
4493
187
4226
6115
693
4962
4378
5943
7629
7602
6606
1123
8913
5999
2132
4036
3788
490
2284
747
770
2129
4782
3726
4528
1387
9989
2082
7994
6042
2515
7738
5317
4143
3751
7173
8702
3890
894
4732
4386
9774
3396
1941
768
1977
1496
4152
8446
1217
1923
7262
5824
1454
7068
8159
2289
1317
7055
16
5795
3126
8183
3454
8733
8951
4426
9920
2689
8671
2120
3838
792
412
6439
8437
6344
6419
4016
5070
817
5817
9255
2235
3601
8404
6704
4210
8900
5222
1354
1717
3661
4396
7163
2178
9041
7357
5138
583
1561
1664
3138
492
8969
3878
5480
8808
7275
6368
5655
9823
2827
5397
5626
8695
8684
34
1353
7980
3349
6049
5256
6286
5835
5389
377
7747
4839
9262
5283
495
4435
8651
1434
9949
5238
1890
4306
8278
1340
1246
1965
6529
9277
3020
9526
1963
7951
3016
3605
276
9085
7022
4242
9438
8177
5755
4106
8390
7375
7432
2685
1584
2694
2450
9965
4539
2575
7193
5235
1201
1443
3906
7448
7007
3268
2422
6663
23
7446
8238
2306
5292
5232
9381
7858
6951
6939
6349
7040
7342
3902
8122
9491
2771
86
4172
4257
104
2131
1012
1548
1020
3547
7638
4202
40
5970
4574
5593
56
5939
5957
8021
9295
1302
5381
7908
7728
5450
6945
2971
4642
6311
2106
2295
9380
6833
6287
5986
2389
1087
996
3623
2254
5269
540
5375
7678
406
7996
3624
8827
9817
6211
9824
5123
8980
8334
7111
39
2616
3018
5400
8429
1081
4429
1992
2048
2816
3855
9053
4284
9566
4194
1258
3306
4119
7197
3945
7737
1209
6662
3497
1944
7902
1457
1106
1084
4533
9546
6941
756
4369
6236
7186
255
4813
1050
4139
5449
2367
8656
6928
7338
7069
6188
3586
5996
1824
2986
9080
4662
7361
7085
290
5741
5038
6373
5547
8852
7652
8014
3375
5933
5589
6431
1070
1300
9706
9127
7095
1860
3083
9367
6248
7547
7298
5273
6811
8304
8348
7819
2233
8286
6260
8051
3358
8712
5507
3392
2792
4492
6180
1370
5969
8891
7495
2615
5983
7563
205
5134
2643
9545
6874
1674
6863
6429
8340
8996
8149
336
6177
2808
9069
3781
6556
5621
9958
1666
4993
6061
3284
2026
1177
6506
8620
7647
5540
4354
7477
4066
3568
5288
5248
5196
2599
9744
6057
4881
5361
8099
2527
5482
9387
8338
4027
7855
8064
9793
5767
6923
7334
5252
6794
8597
5531
1621
4398
9377
8741
8552
8601
6477
631
3725
9942
7769
7583
1052
7999
4510
4215
9763
5022
9932
3693
1594
5675
8787
6025
3362
5739
7735
7368
2180
4889
3896
2895
3461
1518
5131
3534
4476
6914
1116
3366
9642
6557
8480
9780
1707
2434
7330
7883
4179
78
3989
4276
761
5662
2376
5721
4425
322
2363
2474
7551
2075
6306
9382
5686
245
8121
1858
4071
9903
7679
5847
6565
4660
3158
2101
2237
9243
6119
8224
2761
7685
974
4798
4128
400
1223
6966
3539
7452
3643
1904
7998
2868
6314
2891
8173
3443
8156
7868
2741
4437
1143
3658
6714
924
5295
4009
5333
115
3628
4105
43
8658
8297
8701
9218
1040
1799
2077
598
2688
9276
2190
5146
5312
8679
8888
5822
2003
2882
2270
3570
1802
9775
3740
4137
1165
2878
3451
2481
2852
6819
7823
3750
6108
9955
5798
3431
7660
8184
8271
4769
1835
4600
547
136
284
5501
5439
8755
9983
6691
2125
4866
8839
3745
1228
2742
6814
1024
1162
8619
2617
4967
7101
9001
8832
3165
5036
8347
5141
5027
9022
9650
338
5941
6009
1345
2563
2521
8179
683
425
7079
7317
2969
721
1898
3944
2024
3654
6732
2865
9432
1592
2593
9994
8491
6915
5916
9749
3596
626
4849
1682
2911
7110
7063
553
7462
9518
5419
5043
695
1873
7831
2820
5106
9089
6336
4222
6957
804
8309
5176
5033
1445
7129
2207
426
9117
7703
6630
5215
2651
9345
3117
2036
1510
8432
3326
9414
6243
3230
4395
1033
1077
4195
6835
1611
8385
9360
4618
7310
609
8259
4103
9618
3282
8886
8105
4200
8811
3595
3196
9488
8006
5140
7811
2297
5156
2587
1529
6735
7124
6518
7982
2661
4915
1588
9190
7872
878
1453
1376
141
4532
7549
7002
8326
9734
3789
3257
2947
6282
2362
2941
8231
1169
1782
3407
7382
6334
478
4409
1415
2503
4336
3250
9427
7784
5787
6798
7440
7910
9544
4032
1156
5680
6600
8556
2341
6469
4323
7528
802
3421
9244
3585
3502
6693
571
1236
2877
9410
5535
1971
6217
3082
2537
3974
8355
2576
9878
4326
4655
3305
4609
5906
8455
8146
483
6727
3081
2923
9635
7062
9075
3905
3395
4591
2252
8585
3172
2664
1684
8486
3458
5618
5559
3937
3032
3598
7279
8123
9369
7045
3823
1792
3292
8918
2064
5927
4970
2568
7822
6716
2671
6076
1804
8178
4224
1629
1864
3508
407
6737
7483
5198
7398
4457
6195
8574
7907
1159
6786
20
6682
4624
5600
365
4298
2676
7451
2395
1279
1108
1337
1189
3785
5742
413
6802
5901
9099
1893
3714
1927
7116
5689
1899
568
9623
1655
8555
2954
8459
9301
2005
4286
5289
8166
7268
6291
485
1935
4258
7661
7604
9034
6241
2624
1343
6924
3109
7449
4768
8483
3553
9928
8395
8336
5994
8614
9116
6093
9809
6290
4025
3303
2628
2456
2249
8743
2714
1109
521
5399
3143
1447
1534
2532
8850
358
7891
1702
8162
3096
8427
1689
3052
2466
873
4107
4592
6851
6825
6865
3068
5153
4246
3882
2505
6055
8584
1013
3345
9242
1290
3557
2034
653
855
9077
4845
8929
5335
3736
1724
393
7633
788
3984
7090
1974
1713
8315
117
9530
6935
1047
3533
9877
8605
3578
2480
5657
8449
9553
2915
5812
3826
1395
9481
6535
27
6647
2462
9925
6602
1476
6960
3159
6541
232
9959
5127
5187
5477
8848
4969
6759
3397
513
7349
3385
5057
9690
8497
7971
2000
9912
2579
4419
6154
3488
4884
3077
4096
8277
1801
2695
969
992
470
7743
3856
4352
5950
3088
6827
7307
5630
6695
763
7988
5825
7203
7121
1636
7433
9575
4111
2897
9988
1551
6496
2567
7053
1734
316
5522
8274
3094
1083
5859
6828
5530
900
7231
9660
1243
648
8423
5743
9731
4947
660
9400
3832
688
887
9248
8653
7713
5783
705
739
435
4141
8700
5412
1761
8750
4417
6862
2214
2810
2340
2061
4721
9888
6626
410
8345
2814
957
2631
3308
3677
6053
3238
3512
8086
4704
2170
8606
6547
6632
7120
783
7510
8049
4661
3739
1729
6720
4192
3330
9898
2994
2606
6944
9196
9941
4481
2839
5041
5629
5715
4423
246
325
7170
1407
7105
6229
4864
4953
2087
9234
4109
2753
9997
4651
9919
5415
9627
5749
546
150
3160
8353
1945
9725
4452
4454
2740
8129
4444
3265
7714
7050
5486
8530
9826
684
4519
5947
9436
8000
510
6623
3506
636
2263
1210
5503
4983
757
4730
7480
6853
1308
1365
9197
1296
3992
2152
1921
8868
9605
8176
8978
6899
2147
8884
2553
7194
895
718
9329
7174
2197
6586
2072
9702
6179
7759
2333
9703
6559
986
8477
1333
1572
8833
938
5350
6593
3151
8759
9221
5858
6979
328
6885
7264
3683
1497
5911
394
33
6141
4899
2797
3318
8901
3556
8450
1478
5537
2001
3800
3899
3147
2312
8344
6164
2938
7701
9881
867
9120
7414
1997
8526
4559
9270
2561
4652
3025
8990
7962
1762
8358
8829
8764
7254
8154
5853
4316
5735
8973
4289
9680
5306
2678
6650
84
9049
9887
875
7285
2757
8985
8749
9863
2743
8204
1277
8465
8625
3620
1857
3047
2332
1303
9811
121
3107
3205
5423
1902
6223
6301
1103
8721
615
5084
1840
5584
7306
5553
2529
7993
7799
4474
9226
8968
1776
6031
5928
6861
2246
7493
8019
8782
7921
3807
418
8303
4888
1060
308
4050
8462
6613
7687
379
5489
9102
929
5362
4548
7060
9192
7091
6362
7942
5851
3276
5936
2807
9146
2066
4742
3472
4282
2507
3288
7391
1779
5698
3756
2976
5710
185
9217
7722
6745
9330
1850
3070
3335
8487
2463
4984
3267
9620
5420
1698
1080
4412
4206
7117
680
1790
7031
5081
3235
612
1104
7671
215
7335
6109
1462
3741
9040
4733
1855
7215
5199
2437
5355
6723
4614
9157
6661
1191
4654
6654
3775
1425
6746
4385
4714
189
3450
9633
8904
8498
9441
677
2225
3689
3647
6514
3418
7725
9802
2798
1924
7570
5759
3845
5409
5265
8669
4005
1072
9682
932
8460
6022
534
7540
1913
6363
8691
6335
775
8999
396
9547
5021
672
6086
7466
385
659
9537
8193
3678
496
5912
157
154
9051
821
3449
3837
8590
6126
7888
4035
5648
8800
6215
3389
8805
1204
4766
5578
3968
6698
8194
8020
5120
5128
3599
4377
7808
1464
9737
6766
3179
7154
5314
1114
3319
2202
2166
3631
6908
4331
6890
2205
1390
7507
3102
7841
9059
9820
3065
429
3938
8810
6067
6231
6718
3021
2750
4319
8988
3886
4830
1422
4887
6549
4302
1817
476
4
9312
4942
9950
4167
2744
6443
9203
1564
7443
4626
3784
6722
7396
6052
8441
9172
8170
4116
1932
1360
250
3641
4477
4827
2010
3972
8583
9278
9505
1385
3639
990
3766
6985
3369
5008
6273
2979
9598
204
4063
6390
74
446
3919
1239
6176
5305
1482
7381
8547
6936
1656
5569
2944
2510
2447
1912
4514
8054
7649
238
4375
9770
5498
1705
5271
5985
2657
4439
8615
8169
4491
8528
7776
2939
8110
628
2589
1446
6249
3961
6548
5346
9033
9803
2637
1154
9425
3187
9895
3253
5118
1438
7705
7287
2995
5997
6068
7075
5431
6143
9797
2276
5364
5738
7873
9523
6354
2149
7407
8687
3562
8463
1929
8856
5000
8230
2581
2136
2092
6638
7812
2157
5151
1262
1113
8448
3530
9029
520
7167
7200
1671
2542
5175
471
1403
832
3394
7057
8
6481
7989
5734
5227
6370
7672
7363
5407
9964
8342
3129
5654
2585
5250
3226
6577
9147
9076
4740
7539
9638
1934
2402
3273
5905
1750
2242
3877
6069
7093
7048
5024
2968
1791
8944
4381
1635
3259
5165
9388
170
9768
7341
2597
3853
2713
9773
9323
4628
9675
1634
610
6032
201
7991
4691
3589
2769
8414
9515
8160
7900
7567
4707
6184
4834
2137
1953
2888
9517
6319
797
8158
7395
6973
1772
9758
8263
1606
7019
4388
6070
5171
586
658
8812
8360
4712
6762
8150
4681
8032
1269
5219
4133
7500
4755
6452
618
2960
1919
2343
4832
2455
8061
1690
9139
5779
1190
9681
2374
2500
3632
2682
7094
7311
1132
5446
4882
1461
8927
791
5444
4543
6539
9374
9672
8246
3873
6369
9129
611
6684
908
8319
4906
9409
5865
7779
7161
4243
2524
2399
3296
2957
5903
4575
7577
6329
9778
2622
4750
4679
345
8387
3513
2038
2311
8190
3819
8471
9509
2929
2571
9279
6937
4701
6271
2482
186
9757
7347
4402
9902
8828
4294
3149
436
5493
7488
3269
5732
4490
5462
5685
6934
3904
4187
2731
9721
9125
198
305
183
9921
5387
1768
3522
7360
4846
2116
4184
5277
3913
8917
7071
7726
4694
918
8431
2712
461
9792
2924
8515
3322
2903
3437
2006
1226
9026
2320
9524
9554
4015
9899
5382
3092
330
3786
5590
3926
5778
7025
9873
2468
2501
9659
8569
4156
307
3702
567
2720
5371
5620
5050
9497
1182
4151
5515
2829
7281
9976
9934
829
1595
4673
9296
825
9593
5089
7502
9973
6971
1259
7800
1936
3949
7309
6906
1206
8372
3050
9786
4925
1088
6792
8376
645
4535
2400
126
2139
9314
8167
7850
7693
5549
4124
5878
4321
2406
4034
7271
1628
6697
2775
3417
1975
342
9676
6203
570
4112
4022
4212
530
9316
2565
8912
7401
452
7700
4946
8785
1555
5706
12
980
6543
3069
8575
2023
1129
4649
6780
3015
5303
9103
7327
8094
1477
5545
993
8034
2262
7304
80
3524
4784
2502
2861
866
8005
2454
3780
2497
4568
7365
3342
655
5891
6801
1800
1359
1652
3730
6117
6259
351
6892
6079
7308
6064
5729
7364
7605
3846
4338
5902
7796
9352
1719
6327
9313
8106
4427
6492
140
2179
8551
2176
4741
6713
7426
997
2062
7938
8366
8791
6694
6357
9027
2981
6942
97
7475
3526
3604
6337
2265
3382
4465
130
484
1260
9341
5978
3476
2103
8645
1778
1281
3367
9723
7104
2255
7859
6968
9030
9170
1272
6296
6263
6768
17
1891
7611
4819
9005
3612
7134
5909
5491
1558
4848
746
7142
166
3130
4220
9571
9074
2189
7227
7378
3212
261
2351
8038
2396
3280
2452
5513
263
6771
1813
4061
114
92
2887
2782
4118
2453
8806
1309
7206
9875
1075
7727
1967
9629
9716
1089
2098
7788
3567
1299
3561
131
7131
3408
5914
132
6911
2220
273
6886
8858
3577
8042
7092
4251
5433
4486
2930
5339
679
4786
7106
9309
1371
6785
6879
6776
3748
1153
9151
7833
4351
311
9528
1649
3455
2429
9990
2776
7367
7542
7681
3116
8688
5713
1865
9336
1171
6950
3090
4349
6190
4372
2534
2724
7418
398
475
4796
8098
5068
9135
9484
5868
5075
7817
2506
2278
1312
1030
8623
1699
1976
5644
6618
3022
4738
4751
5016
681
2218
9457
3932
5802
3929
771
6707
64
6964
8077
2496
4235
914
4603
7749
4089
5833
7081
2734
5112
2922
3704
3684
6098
6805
224
7388
473
1253
3824
5328
7247
9851
7976
6912
5885
4509
955
6134
3045
1720
728
3075
2987
7918
6582
2057
3716
3352
7717
1488
7465
2746
5343
1168
6783
1727
6532
5827
9945
1911
7046
8284
2809
4739
5236
2784
264
7257
7
8783
8870
8770
8143
5550
8420
4403
6312
6298
868
5258
3191
4498
7662
4453
6578
730
8226
7758
3893
1015
4975
4595
7789
113
1467
8062
4332
4921
8505
5711
8165
3769
1405
7786
4097
401
479
2985
6672
3206
2762
3908
2232
774
3713
798
6992
5566
4774
7580
3051
9307
3189
9746
2112
7963
4937
5157
4424
8255
741
2086
2357
6721
2679
9560
262
6267
1185
2862
4919
4745
1771
3074
9121
2569
3465
7877
8753
8854
6561
3398
1357
5167
1324
6310
9304
8134
8855
5316
9874
4554
7616
9459
7023
6781
7543
7470
5453
1018
1426
9516
4874
9137
6558
6024
9348
7830
7933
5438
5747
1669
4057
8862
2632
7192
9311
910
9798
1341
8016
6842
6522
4082
2660
920
7078
1401
9839
259
5592
1616
4459
4189
8227
4814
665
5
2558
219
7842
2067
2533
3328
1323
1257
4392
9801
9456
6873
7058
7377
7885
569
7088
4442
5777
3356
253
7646
3983
1716
349
2706
9691
8012
650
2335
8370
9338
7620
7059
5613
9134
3203
4870
22
1148
8745
8903
8341
1092
4541
2863
85
5703
6850
5580
2945
9095
4356
5731
1735
3772
9759
8674
1688
3113
5373
6871
7214
4371
4699
2977
2806
4856
5413
4017
6869
9783
9532
6257
1925
1754
5627
3985
8107
8943
7054
9834
5861
8995
5982
3272
6742
7236
6982
2457
3434
6938
9979
11
5972
2413
9871
3290
9198
4754
9104
5599
5968
1471
5958
7125
4513
858
3499
4989
7927
7665
1672
212
4752
9565
8131
9868
2040
112
7778
5003
2383
5378
5132
1126
4451
6039
9371
8815
8758
7410
9946
1580
2007
1797
6415
651
3190
729
966
3574
1808
9866
1031
4744
1783
8715
5464
896
6634
1843
149
2356
7424
6505
511
8871
6356
7904
5231
5276
999
6089
3829
3762
4207
9559
6386
6378
6348
5338
6294
7794
6904
6237
354
3980
8859
8214
6
3690
1448
8773
1961
2745
2336
5792
3171
7114
2303
8108
46
9006
3256
6388
991
2543
5768
8236
801
6711
5518
2484
6412
8824
9867
4826
4469
7911
3359
7250
3970
5448
2248
3411
9799
9669
6686
2973
925
8807
8257
8331
4131
1593
9449
1316
467
3614
9363
7571
663
2570
904
9199
8509
6393
8022
8693
874
1487
2266
3958
2654
4759
7266
3156
356
4602
1877
8857
1386
4155
4120
5966
4292
2636
7832
629
6860
923
9334
621
5557
175
9266
45
5945
152
2801
903
2822
698
5855
6580
8737
6994
8114
1785
6849
7534
3220
6114
4511
8668
8211
108
704
841
8566
2942
5890
8402
1468
1307
5516
6482
6642
494
850
143
2722
6764
3001
6621
7387
7190
8550
437
8706
1452
7086
6758
8742
9210
6280
353
9450
3140
2117
8525
9880
1795
5740
5009
5991
2435
5114
5294
1537
640
1022
8763
6916
9205
7329
4829
9647
8217
1575
5869
3667
9412
4865
8802
142
2799
8248
5495
4340
8592
5001
893
9475
1367
4446
1025
3767
1242
8799
4684
4686
4159
6199
9462
1383
4193
4800
3670
8537
1823
4150
1845
249
4450
3708
9476
7389
4339
7479
7380
7941
3793
2201
4014
3592
9652
8632
7599
1095
6733
9848
5268
7201
428
3233
9368
9011
686
5479
2492
4113
3863
9548
8188
8195
2458
2260
1361
7152
7680
3560
5077
5653
5979
6947
9308
8776
822
9574
7224
532
9807
7527
9004
7828
2381
9052
826
8559
6645
1906
6943
968
5679
3583
9064
7212
4945
7394
8654
601
2439
1533
1293
7699
8821
7588
2963
1647
3463
3500
8867
6576
9862
2107
9513
7225
6161
6408
2236
2345
5102
6142
2638
6214
4792
9956
8138
5974
7834
3334
2539
8915
1377
2946
2552
1960
6264
6315
881
3942
55
1530
3336
3086
7390
5281
543
1914
3372
2321
3263
9149
4883
7042
2586
6738
8534
8599
1207
4168
7355
7853
5910
5169
682
7686
7498
5392
7492
6986
8845
281
9613
8467
9688
4283
6656
8844
1090
5421
9718
469
4672
6569
7008
1781
827
8327
9231
9109
292
7793
1979
2258
5752
9974
4718
5728
8523
1331
9700
1767
8889
7127
9271
1161
9168
8724
7001
1644
2787
2672
4325
6276
4250
3940
4749
3227
8972
4290
1704
5850
4233
5296
6316
7878
3346
4288
1988
4979
4981
3136
7005
1641
7516
3523
6810
434
7522
5243
851
8647
8373
9189
1107
8796
3481
7108
1319
3738
4383
4055
2495
8720
5843
7613
4146
6589
5324
8736
8468
7719
6893
5645
837
4623
6102
4062
3840
3808
6389
6118
3344
1408
1042
5519
942
6326
169
9480
2838
3249
3835
5762
5352
592
8781
1522
390
9284
838
4757
5124
9464
8339
6449
1010
3588
2966
9931
6988
6274
293
7541
88
1722
4320
3943
2471
3078
5791
2328
8411
367
1747
8028
2906
3293
404
8409
5442
4407
5260
7248
5429
506
5095
8381
9901
1122
1881
9711
6300
458
6103
47
8646
4588
8120
1693
717
6285
7934
8728
8797
3495
7435
4724
3036
5829
7218
6587
1743
2948
6269
482
933
9435
5274
6343
3511
2183
7294
403
7447
3214
7761
1441
8638
9909
5754
8081
5801
8047
6066
3258
3438
4920
5649
5523
1737
4693
2933
1668
4761
4209
8527
2208
927
4816
3791
3977
5408
4217
9753
1141
5831
8101
7813
6692
9422
7537
3038
7585
692
9068
4384
627
167
759
3847
8369
2788
1538
3880
455
5942
2342
6575
9678
5356
312
1484
1759
3422
7970
6898
8600
6043
7130
1351
2012
3581
5959
2143
9570
3161
3180
18
9935
4526
6001
275
1730
1413
4483
7096
9247
6330
5188
9286
3529
6983
4590
7195
8885
1437
6544
1844
8361
2329
9665
755
7898
8103
500
9603
5976
499
6340
2350
5633
2849
1504
6242
7476
8063
6961
5488
3858
579
6189
6649
1058
6288
754
347
4039
590
9533
6637
2370
9474
3866
6629
346
2301
7442
5403
4391
5192
6140
8699
454
6438
3673
7223
2300
8765
3251
8332
2360
504
1414
501
3246
9948
8726
733
9349
4263
1695
509
4335
4079
3139
8392
2130
2842
7402
5062
5253
8837
9625
9671
3037
7564
7240
6641
2697
9735
8953
2424
5606
451
3084
1773
2488
223
740
2687
6699
9012
784
6839
1155
5379
5622
7501
1261
8458
2074
1942
310
340
4708
4706
72
643
7919
2591
2028
2373
202
7009
766
9071
5088
1541
1851
4619
5055
1972
3271
3514
4892
1896
8510
6969
5640
3834
9830
7851
2580
5940
8018
7066
6922
8091
787
5240
241
3242
4203
7618
5484
9915
4221
2846
1362
6072
4630
8771
2140
2984
2215
689
5018
24
3432
2600
3479
670
2837
5797
7875
7944
9322
1469
9572
2826
2128
8517
637
2710
101
8317
6029
3783
1793
8607
3982
4164
7688
6763
3927
1760
9326
4004
2635
7555
745
7617
6799
4564
7034
3291
6597
9933
364
5182
4809
9514
5470
13
4008
6027
3085
2768
3414
5340
9525
5478
7471
8897
6800
9046
7474
2415
1465
7323
8496
1888
1590
7936
3426
7288
4013
8860
4234
9705
8494
8698
8621
8851
8009
6806
1816
7584
8100
753
1404
9354
2193
6332
368
9054
2967
5981
8734
2737
4033
1596
5763
573
313
503
4932
5990
6037
9385
2058
2559
6688
6202
2934
6653
6208
3350
840
5330
9715
1809
649
6872
2348
9502
5616
4157
6815
1697
5082
7610
9335
4003
1818
9112
4951
5367
4266
3355
8911
537
9704
4878
3591
4696
2084
1473
3393
4893
3920
5025
7431
1969
8994
7670
7587
4902
6736
8629
535
917
2317
6583
2410
6244
3056
714
25
4622
2464
6546
7648
5938
5135
3211
6000
1254
844
1054
2770
4777
1709
5601
3416
6204
8816
613
995
2765
9039
6554
9017
6856
2308
371
4359
2921
5541
3134
2002
8174
8718
3399
5993
6820
3477
2918
835
4515
7137
4312
4348
7568
3217
8740
9667
9403
7026
4576
8611
59
2325
3324
7802
7674
7016
3314
3531
7372
1480
8050
4808
2460
4778
6198
6564
4584
7450
6110
3517
6978
7923
9890
3606
1516
1980
3679
7421
8511
4358
355
5072
8025
7553
5042
8719
4988
1662
4177
4990
6795
6163
2548
954
1550
5678
8092
6484
9908
2009
3197
4713
542
3593
8036
4374
8254
3778
9101
5635
9589
5977
2442
7219
1505
4463
4971
5272
7315
6317
9829
9397
9273
620
4161
1178
5181
1472
8866
9007
1188
1064
4401
9821
6366
1167
6830
2962
9460
806
4512
6525
790
3833
3554
2980
6137
9795
8761
3351
5358
2835
5284
6905
9951
2110
4065
9825
3386
3843
3163
1600
2858
6233
523
6596
9699
2859
1597
5226
4653
9096
5031
9995
7297
1981
9541
5575
2035
7967
4170
1601
2141
6657
1440
8045
3112
5483
5591
1158
9815
8438
7787
8473
9539
6717
218
4415
2168
2228
182
8779
6021
1379
8949
2394
9342
8906
5602
9082
557
9264
1875
6901
5561
919
9684
4239
1151
4330
9260
8069
3048
5712
962
4762
9032
9472
5200
8075
8335
3996
3436
3182
4764
7460
6421
1553
3947
2016
3475
4607
4416
110
2564
6932
2898
1867
3859
5150
2011
4347
5737
9991
8887
589
2619
9610
1412
4138
1267
8869
7413
6347
3307
8997
8578
9714
8879
4269
3997
4638
9504
2041
2369
7531
4880
4297
1567
172
4657
4078
1680
9391
6088
7020
839
7730
5683
7731
9347
575
9886
6670
5509
8175
2639
4605
7030
6138
9521
9209
702
5278
9156
8663
772
4723
8893
8044
4291
5090
1579
343
2051
8817
41
3652
5880
6074
3332
885
6572
3039
9595
9399
4307
8757
4341
5775
2304
9582
7689
6841
7572
8015
54
9717
8316
1619
2185
7961
7690
8594
5348
3033
7029
3852
2566
5800
3636
7930
9023
1731
859
9751
5719
3979
7244
4342
344
9579
2156
7102
2022
3988
9208
7545
3424
6772
7282
1985
4717
9806
7348
9088
320
6631
4640
4135
5733
8993
4907
4268
1895
3026
7973
6125
3909
1128
1612
1939
5428
5434
179
2545
3999
1937
5554
3400
3145
6797
3706
2138
3492
3610
5538
7184
9693
6755
6471
6457
599
8200
5834
5459
975
6213
1996
4343
2365
3812
3124
7835
7061
7072
4049
8407
4789
3764
7013
4373
3232
9981
2831
6889
9378
6255
8282
539
6594
7258
6489
8881
6940
724
8716
4666
5122
1053
4047
9014
3175
4397
6293
2937
352
1230
1863
5404
1291
7913
7228
8916
2910
6895
7179
7132
439
9852
6100
1069
6256
9143
4664
8301
707
1723
9696
1097
2779
9506
9722
3384
2127
2700
210
6423
7056
5651
8847
5087
7511
6413
3760
5854
7521
1520
5142
9971
1566
6085
2961
9252
369
9876
2210
5862
3898
4045
6588
7044
1527
2144
5332
3376
4736
1970
2955
37
2346
7290
3659
6571
5443
1193
7520
3215
8132
431
4188
9679
7969
7444
8876
1700
4698
4277
8707
6521
6387
4569
2879
7897
624
8111
8543
7862
4940
7591
5468
1642
4448
5430
8853
9356
9889
8223
8685
7508
83
912
3842
638
8456
8302
329
5032
6509
552
1139
2701
6611
3245
1163
7876
5988
9066
5815
3956
1861
3559
2250
5424
1400
2927
529
4957
3498
3810
7614
3712
4523
3986
4964
6846
4314
4181
7513
2004
633
3794
42
9741
9165
6752
519
891
5359
9442
5560
8362
4859
3365
3364
2313
2014
1301
1140
1284
493
7362
6272
7123
2039
2279
2083
6232
1660
842
8596
4043
3951
7860
1856
1231
6675
8883
4229
7464
8363
536
4488
272
2620
4070
7332
5505
4860
8895
9586
2277
9359
4930
4422
1834
3971
3105
1431
4948
4114
5932
1710
1633
7925
5647
432
5336
5707
3742
776
6289
2486
1381
4843
3813
5166
2027
1298
6081
7160
5147
3162
8514
4524
6318
7820
8580
460
4831
4076
4505
1624
1349
6616
9940
7221
3106
5351
3010
9174
314
8665
7032
7979
6679
5023
6083
8506
4408
6313
6196
3717
3960
334
9496
165
274
9372
6392
3644
5832
3617
4756
9540
5699
2401
7667
2894
9332
6485
3279
4644
3412
7659
1638
4935
9000
4196
7669
7636
1565
6216
4683
1831
7992
8664
7864
459
9535
8295
335
8801
3892
9166
8769
1627
3535
4770
6907
7825
8393
1839
5839
6769
4056
646
8089
68
1493
2272
3053
1144
8202
758
6710
9656
3975
8696
6909
5769
118
5239
6239
1255
6342
8060
5230
2608
2885
3582
4431
9761
6450
7319
2607
2656
1540
7984
1318
3744
3013
2523
7202
8613
4265
6607
3787
76
5418
3483
32
5673
5441
4218
6963
6056
8306
9631
970
9105
6008
7234
9750
9855
466
5214
5954
2890
5302
3952
748
2647
7733
5962
6162
5681
8970
8548
1728
7350
1878
3301
861
865
1884
4261
2377
8130
98
8093
4779
1637
6946
5949
1749
7399
1160
9370
5100
2511
7423
2953
1295
2275
5110
671
6790
2634
3565
4853
3967
2541
7958
9843
7880
4470
5920
8568
1788
6832
4586
444
5883
4362
3650
1848
847
7920
9355
9536
5099
635
3208
1287
9097
3202
9936
2875
8280
7245
9463
3200
3627
8910
5786
7552
8079
7011
4811
4094
9067
8959
4240
7439
5709
7438
3637
6150
5085
9376
5576
4530
7216
5398
7128
4572
6919
5583
7312
2508
6265
1073
7049
3404
6040
7204
4204
2194
9588
6666
6491
4130
247
2378
6579
906
8479
3770
3073
6328
1233
3707
1085
664
779
8239
416
3135
2936
1382
6381
8413
9558
151
6268
4643
1071
2612
4197
4719
5308
585
6537
2821
5745
7773
9351
9222
2605
7606
958
3243
9249
8157
372
7576
6702
1079
5607
2729
4205
8228
8518
3888
2920
1544
2958
9739
9471
8328
5013
3933
6555
8337
1920
892
2080
6724
2268
5500
6965
1061
3064
2919
9697
2851
487
4596
5923
5718
6414
4647
9670
100
712
6534
2588
8778
8329
6417
2618
710
2932
4308
9083
7641
5487
2832
1654
5915
7767
5318
2644
7948
9411
1251
1587
5544
1968
9664
3686
639
8267
277
818
5058
3579
2114
7574
4909
4703
9630
9366
2905
3494
9090
6487
7043
5368
8732
7935
703
9911
2465
5908
8440
3390
7763
4231
2928
1102
4166
2662
508
6840
750
7884
2267
3178
5370
4692
715
1449
8389
1423
6590
4073
5069
6321
5313
5212
8035
7211
2459
3152
7526
5137
5894
5774
1766
6130
1136
8083
4160
5096
8027
4639
3616
7684
5257
2780
4804
7482
5282
9454
5059
3059
9787
1513
9836
4092
6700
6822
9827
5881
556
6041
913
5577
9393
7909
1542
3849
3315
3694
3240
8751
8145
7653
8240
7603
6122
9617
888
4466
6087
4776
1995
9010
2146
3950
1240
3861
5744
6677
5080
7386
477
5568
6234
8926
3444
5154
922
4418
285
9213
1742
8116
7870
7807
7810
2387
6778
3201
9632
8958
9550
5307
8418
706
4835
8598
289
3231
565
1740
4380
1067
9130
1603
3099
8777
2546
3711
6062
8967
122
7419
7663
5435
6513
6091
6503
1378
2355
836
6926
9008
391
5342
5826
5973
1828
6955
9365
8907
7182
6540
2763
1375
1903
5922
9564
5369
8536
9357
6796
605
4911
7499
9847
3169
9512
8399
5136
9818
3283
6036
9732
7459
973
4613
3544
3758
1427
8576
6740
6689
4413
8577
2296
1051
424
622
5490
3923
5726
9047
147
4295
3343
5466
5325
930
4677
8039
6012
2669
4309
5548
7373
38
7321
5874
994
562
5691
6952
8313
3900
6116
5262
963
4333
9666
5304
7366
2440
9507
5445
1186
6520
3174
161
6183
7273
1421
9062
5904
3755
9622
3792
9108
3115
6567
5174
7485
5402
6897
7748
8640
6753
8963
4011
8873
3323
1336
8531
8760
6147
409
4913
464
239
3177
815
572
7383
3239
2817
9585
9417
6385
4443
9469
3264
8151
8977
2271
5247
4127
8731
1001
4954
1348
3297
9648
3410
